+-----------------+--------------------+------------------------+
| Mini-batch Size |      Inertia       | Silhouette coefficient |
+-----------------+--------------------+------------------------+
|        1        | 28989.274492371125 |  -0.05957703927492452  |
|        2        | 27092.00646825531  |  -0.06996978851963746  |
|        4        | 26437.71264808598  |  -0.07219033232628408  |
|        8        | 26115.846080731117 |  -0.07829305135951677  |
|        16       | 25500.01625536378  |  -0.07351963746223568  |
|        32       | 24833.630689843463 |  -0.05909365558912383  |
|        64       | 24180.28482416857  |  -0.03166163141993954  |
|       128       | 23677.691864717694 |  -0.00561933534743203  |
+-----------------+--------------------+------------------------+