+--------------------+--------------------+------------------------+
| # of Model Vectors |      Inertia       | Silhouette coefficient |
+--------------------+--------------------+------------------------+
|         20         | 11599.625140514238 |  0.05842900302114795   |
|         40         | 19396.552854861035 |  0.022552870090634353  |
|         60         | 23237.80779397353  | 0.0029305135951661673  |
|         80         | 24911.866227365663 | -0.012356495468277974  |
|        100         | 25566.044096294885 | -0.014063444108761368  |
|        120         | 25930.723930417287 | -0.021299093655589137  |
|        140         | 25959.55293903146  | -0.023081570996978853  |
|        160         | 25915.685704204116 | -0.025453172205438086  |
|        180         | 25776.833634782655 |  -0.0257552870090634   |
|        200         | 25739.64780686035  |  -0.03081570996978843  |
|        220         | 25596.26136891114  | -0.029939577039274898  |
|        240         | 25508.45737017119  |  -0.02929003021148033  |
|        260         | 25481.57321662986  | -0.032114803625377636  |
|        280         | 25362.808822154908 |  -0.03267371601208454  |
|        300         | 25394.956724978492 | -0.033368580060422925  |
+--------------------+--------------------+------------------------+