+---------------+--------------------+------------------------+
| # of Clusters |      Inertia       | Silhouette coefficient |
+---------------+--------------------+------------------------+
|       2       | 11667.337126093169 |  0.10546827794561946   |
|       3       | 10861.346874250698 |  0.09006042296072521   |
|       4       | 10281.376386636612 |  0.08409365558912392   |
|       5       |  9860.90329612975  |  0.07984894259818733   |
|       6       | 9497.571563293122  |  0.07679758308157099   |
|       7       | 9195.026284116311  |  0.07433534743202423   |
|       8       | 8957.574590144144  |  0.07240181268882176   |
|       9       | 8733.802458077836  |  0.07006042296072515   |
|       10      |  8543.26752778726  |  0.06811178247734141   |
|       11      | 8366.063320693545  |  0.06737160120845911   |
|       12      | 8217.713563886351  |  0.06527190332326276   |
|       13      | 8072.532086860275  |  0.062462235649546775  |
|       14      | 7939.501663807304  |  0.061918429003021046  |
|       15      |  7795.8097760264   |  0.060120845921449985  |
+---------------+--------------------+------------------------+

Vectors = 15
Mini-batch = 32