+-----------------+--------------------+------------------------+
| Mini-batch Size |      Inertia       | Silhouette coefficient |
+-----------------+--------------------+------------------------+
|        1        |  34823.9822619006  | -0.039020912547528555  |
|        2        | 33220.212082714854 | -0.056625475285171194  |
|        4        | 32815.63682134312  |  -0.06635931558935362  |
|        8        | 32282.166164072194 |  -0.06829847908745253  |
|        16       | 31538.312691154675 |  -0.05385931558935368  |
|        32       | 30866.861407412547 |  -0.03592205323193915  |
|        64       | 30289.98116320774  | -0.014553231939163502  |
|       128       | 29834.895766373436 |  0.00592205323193911   |
+-----------------+--------------------+------------------------+