+--------------------+--------------------+------------------------+
| # of Model Vectors |      Inertia       | Silhouette coefficient |
+--------------------+--------------------+------------------------+
|         20         | 11088.746013296213 |  0.046920152091254545  |
|         40         | 19125.84571623049  | -0.000865019011406847  |
|         60         | 24054.111381859573 | -0.029239543726235735  |
|         80         | 26846.914666053446 |  -0.04281368821292778  |
|        100         | 28423.48737701757  | -0.050304182509505725  |
|        120         | 29169.414837250475 |  -0.05406844106463884  |
|        140         | 29574.402997581765 |  -0.0550000000000001   |
|        160         | 29735.12447960852  | -0.058555133079847936  |
|        180         | 29839.385704546727 |  -0.06062737642585564  |
|        200         |  29875.355561904   | -0.060541825095057046  |
|        220         | 29918.445918802572 |  -0.06224334600760458  |
|        240         | 29912.28278044303  | -0.062024714828897376  |
|        260         | 29865.01908376727  |  -0.06173003802281369  |
|        280         | 29837.55739990492  |  -0.06186311787072246  |
|        300         | 29844.048337655582 |  -0.06130228136882133  |
+--------------------+--------------------+------------------------+