+--------------------+--------------------+------------------------+
| # of Model Vectors |      Inertia       | Silhouette coefficient |
+--------------------+--------------------+------------------------+
|         20         | 9438.875253091966  |          0.05          |
|         40         |  16142.4100046096  |         -0.02          |
|         60         | 18183.321401952246 |          0.02          |
|         80         | 20422.697584686397 |         -0.06          |
|        100         | 20994.016604966564 |         -0.02          |
|        120         | 20806.892649261266 |          0.02          |
|        140         | 20901.771194970275 |         -0.08          |
|        160         | 21537.750038540617 |         -0.02          |
|        180         | 21148.18325619097  |         -0.02          |
|        200         | 21175.726061762027 |         -0.08          |
|        220         | 20523.843219271323 |         -0.02          |
|        240         | 20381.38589771668  |         -0.01          |
|        260         | 20458.160129296895 |         -0.01          |
|        280         | 21089.28044070183  |         -0.07          |
|        300         | 21722.561464537826 |         -0.10          |
+--------------------+--------------------+------------------------+