+---------------+--------------------+------------------------+
| # of Clusters |      Inertia       | Silhouette coefficient |
+---------------+--------------------+------------------------+
|       4       | 31679.849145567176 |         -0.04          |
|       8       | 29176.358408154254 |          0.01          |
|       12      | 27860.47509747726  |         -0.07          |
|       16      | 27811.28096861927  |         -0.08          |
|       20      | 27002.85217342772  |         -0.07          |
|       24      | 26431.91050615857  |         -0.06          |
|       28      | 26315.11304765345  |         -0.10          |
|       32      | 25848.088451009506 |         -0.11          |
|       36      | 24646.034992649795 |         -0.09          |
+---------------+--------------------+------------------------+